0
0
0
0
0
0
0
0
0
0
0
0
0
0
0
0
0
0
0
0
0
0
0
0
0
0
0
0
0
0
0
0
0
0
0
0
0
0
0
0
0
0
0
0
0
0
0
0
0
0
0
0
0
0
0
0
0
0
0
0
0
0
0
0
0
0
0
0
0
0
0
0
0
0
0
0
0
0
0
0
0
0
0
0
0
0
0
0
0
0
0
0
0
0
0
0
0
0
0
0
0
0
0
0
0
0
0
0
0
0
0
0
0
0
0
0
0
0
0
0
0
0
0
0
0
0
0
0
0
0
0
0
0
0
0
0
0
0
0
0
0
0
0
0
0
0
0
0
0
0
0
0
0
0
0
0
0
0
0
0
0
0
0
0
0
0
0
0
0
0
0
0
0
0
0
0
0
0
0
0
0
0
0
0
0
0
0
0
0
0
0
0
0
0
0
0
0
0
0
0
0
0
0
0
0
0
0
0
0
0
0
0
0
0
0
0
0
0
0
0
0
0
0
0
0
0
0
0
0
0
0
0
0
0
0
0
0
0
0
0
0
0
0
1
1
1
17
9
15
45
53
31
56
60
56
86
78
76
119
117
185
200
200
212
260
281
255
257
230
267
271
219
246
189
235
217
244
198
232
248
280
273
308
262
256
261
265
276
272
263
273
306
343
344
325
337
283
267
257
266
281
264
257
256
267
288
276
345
297
288
299
278
275
257
262
337
398
374
267
274
262
370
278
313
295
346
322
317
395
352
303
278
356
341
318
273
333
311
344
297
317
349
346
336
286
267
317
314
356
333
288
259
295
307
304
274
310
257
299
308
360
255
312
306
339
338
331
362
413
427
446
507
255
517
256
255
255
255
256
256
269
261
255
262
262
257
255
262
255
258
255
269
260
261
257
262
256
255
262
255
262
256
258
259
255
257
259
262
258
255
256
256
258
261
268
259
257
256
260
258
261
271
259
262
257
258
263
265
261
261
265
255
274
262
276
256
257
266
266
255
261
260
262
293
256
260
256
256
258
255
257
255
260
258
255
256
267
262
262
256
263
256
260
255
256
258
256
257
255
255
255
255
262
277
271
261
258
256
264
259
256
261
260
265
274
255
265
262
259
256
259
260
258
258
255
258
268
256
265
258
255
256
256
259
261
260
269
258
257
258
258
259
8334
8317
8298
8281
8287
8312
8337
8285
8295
8268
8258
8347
8300
8287
8288
8299
8292
8312
8306
8280
8250
8292
8293
8307
8313
8288
8304
8273
8296
8254
8283
8289
8280
8276
8275
8302
8291
8263
8265
8277
8319
8329
8285
8310
8303
8299
8291
8266
8309
8281
8319
8307
8260
8305
8283
8258
8307
8291
8317
8303
8295
8259
8275
8301
8279
8295
8317
8341
8365
8259
8265
8285
8238
8249
8308
8215
8192
8170
8224
8243
8071
8097
7801
7805
7843
7815
7757
7811
7523
7305
7270
6816
6758
6629
6367
6102
5920
6176
5837
5415
5287
5273
5010
4930
4887
4812
4673
4482
4185
3879
3671
3336
3299
3098
3215
2997
2850
2884
2709
2606
2592
2413
2374
2219
2085
2120
1883
1947
1685
1648
1675
1510
1368
1308
1197
1081
1164
1070
975
867
761
831
728
830
773
802
691
625
655
624
550
565
552
550
600
570
516
345
346
279
306
342
322
302
299
283
299
324
351
260
318
339
337
277
342
255
273
231
209
256
221
254
208
274
314
241
221
219
167
133
128
139
105
78
98
62
39
16
41
24
28
19
68
46
77
57
93
64
67
23
34
39
39
28
10
11
6
0
0
0
0
0
0
0
0
0
0
0
0
0
0
0
0
0
0
0
0
0
0
0
0
0
0
0
0
0
0
0
0
0
0
0
0
0
0
0
0
0
0
0
0
0
0
0
0
0
0
0
0
0
0
0
0
0
0
0
0
0
0
0
0
0
0
0
0
0
0
0
0
0
0
0
0
0
0
0
0
0
0
0
0
0
0
0
0
0
0
0
0
0
0
0
0
0
0
0
0
0
0
0
0
0
0
0
0
0
0
0
0
0
0
0
0
0
0
0
0
0
0
0
0
0
0
0
0
0
0
0
0
0
0
0
0
0
0
0
0
0
0
0
0
0
0
0
0
0
0
0
0
0
0
0
0
0
0
0
0
0
0
0
0
0
0
0
0
0
0
0
0
0
0
0
0
0
0
0
0
0
0
0
0
0
0
0
0
0
0
0
0
0
0
0
0
0
0
0
0
0
0
0
0
0
0
0
0
0
0
0
0
0
0
0
0
0
0
0
0
0
0
0
0
0
0
0
0
0
0
0
0
0
0
0
0
0
0
0
0
0
0
0
0
0
0
0
0
0
0
0
0
0
0
0
0
0
0
0
0
0
0
0
0
0
0
0
0
0
0
0
0
0
0
0
0
0
0
0
0
0
0
0
0
0
0
0
0
0
0
0
0
0
0
0
